>>> i = 0
>>> for key,value in mbatch.items():
...     if i == 5:
...             break
...     print(key)
...     print(value)
...     i+=1
...
features.0.weight
tensor([[[[-4.1350e-02, -8.0015e-02, -4.0990e-02],
          [ 1.1974e-02, -4.4515e-02, -9.2100e-02],
          [ 4.8486e-02, -2.8267e-02,  9.5105e-03]],

         [[ 1.7759e-02, -1.1183e-01,  5.4440e-02],
          [ 1.3455e-01, -1.2427e-01,  3.9078e-02],
          [ 7.6608e-03,  2.9240e-02, -4.6378e-02]],

         [[-6.4057e-02, -7.2399e-02,  4.2757e-02],
          [ 7.8443e-02, -3.3803e-02,  1.6410e-02],
          [ 8.4712e-02,  5.6771e-02, -4.4046e-03]]],


        [[[-9.0438e-02,  1.0268e-01,  3.9550e-03],
          [-5.8105e-02,  3.6558e-02, -1.0095e-01],
          [ 1.1575e-02, -1.3057e-03,  5.6025e-03]],

         [[ 4.7220e-02, -3.7189e-02,  3.4386e-02],
          [-3.9256e-02, -1.6664e-02,  3.0437e-02],
          [-3.7924e-02,  3.9365e-02, -1.5873e-02]],

         [[ 1.1059e-02, -4.8705e-02,  2.7200e-02],
          [-5.4789e-02, -1.3693e-03,  2.2759e-02],
          [ 6.4653e-03,  4.1497e-02,  3.0316e-02]]],


        [[[ 7.7537e-02, -2.8213e-02, -2.1470e-02],
          [-2.9849e-03,  5.3174e-02, -3.0544e-02],
          [-4.9101e-02,  3.0926e-02,  2.7918e-02]],

         [[-5.2561e-03, -3.4094e-02, -7.5316e-02],
          [ 6.5163e-02,  5.1681e-02,  7.2611e-02],
          [ 7.0882e-02,  1.4622e-01, -1.1830e-02]],

         [[ 5.0495e-02, -1.9295e-02,  1.2583e-02],
          [-2.1367e-02,  2.1597e-02, -1.2962e-02],
          [-1.9173e-02, -4.3022e-02,  7.0287e-02]]],


        ...,


        [[[ 4.7750e-02, -9.2635e-02, -1.4147e-01],
          [-5.5223e-02,  5.1245e-02, -2.7428e-02],
          [-6.9056e-02, -8.5541e-02,  1.9017e-02]],

         [[ 4.1012e-02, -1.9387e-02,  3.8616e-02],
          [-8.9022e-02,  5.5293e-02,  7.5266e-02],
          [ 1.9967e-02, -5.0027e-02, -7.8015e-02]],

         [[ 2.5426e-02, -3.3294e-02, -4.2793e-03],
          [ 2.1457e-02,  3.3445e-02, -6.7178e-02],
          [-2.5580e-02,  4.5082e-02, -3.2175e-02]]],


        [[[ 3.9291e-02,  2.0127e-02, -2.9271e-02],
          [-1.1388e-01, -9.1357e-02, -1.7825e-02],
          [ 3.9726e-02,  5.7709e-02,  5.1910e-02]],

         [[-4.2093e-02, -6.9743e-02,  1.7065e-02],
          [ 1.2211e-01,  3.0775e-03, -2.2416e-02],
          [ 7.3721e-02, -1.5384e-01,  1.1073e-02]],

         [[-2.2922e-02, -6.8296e-02, -2.0784e-02],
          [ 2.5960e-02,  6.1854e-02, -6.3646e-03],
          [-2.3791e-02, -1.0646e-04,  2.9999e-02]]],


        [[[-1.1275e-02,  4.1037e-02, -2.1509e-02],
          [-3.5779e-02, -1.1804e-02, -9.1158e-02],
          [ 6.4524e-02,  5.5347e-02, -1.0346e-01]],

         [[-4.7601e-02, -2.4037e-03, -6.1888e-02],
          [ 2.4548e-02, -2.3864e-02,  1.0441e-01],
          [-6.1110e-02, -1.2970e-02,  1.8606e-02]],

         [[ 8.2861e-03,  6.4719e-03, -4.2098e-02],
          [-8.9083e-02, -4.8893e-03,  5.4296e-02],
          [ 1.7175e-02,  3.2722e-02,  4.7795e-02]]]])
features.0.bias
tensor([-0.0019,  0.0036, -0.0040,  0.0026, -0.0021,  0.0070,  0.0036,  0.0025,
         0.0065, -0.0042, -0.0033,  0.0054,  0.0043,  0.0051,  0.0042, -0.0017,
        -0.0041,  0.0004, -0.0038, -0.0012, -0.0047,  0.0044, -0.0015, -0.0048,
         0.0002, -0.0015,  0.0017,  0.0011,  0.0033,  0.0047, -0.0064,  0.0036,
         0.0018,  0.0052,  0.0058,  0.0053,  0.0002, -0.0019,  0.0015,  0.0016,
         0.0047, -0.0025, -0.0017, -0.0017,  0.0051,  0.0047,  0.0057, -0.0051,
         0.0019, -0.0052, -0.0047, -0.0068,  0.0005,  0.0050,  0.0056, -0.0010,
         0.0049, -0.0023,  0.0026, -0.0012,  0.0050,  0.0049, -0.0034,  0.0003])
features.1.weight
tensor([0.9952, 1.0008, 1.0025, 1.0023, 1.0000, 0.9955, 0.9944, 0.9955, 0.9952,
        1.0049, 0.9980, 1.0024, 1.0062, 0.9972, 0.9973, 1.0026, 0.9955, 0.9952,
        0.9981, 1.0043, 1.0015, 0.9961, 0.9939, 1.0035, 1.0005, 1.0070, 0.9977,
        1.0023, 0.9949, 0.9956, 0.9960, 0.9976, 1.0026, 1.0055, 0.9953, 0.9975,
        0.9954, 0.9954, 0.9975, 0.9973, 0.9954, 0.9946, 1.0021, 1.0044, 0.9955,
        0.9995, 1.0005, 1.0075, 1.0054, 1.0066, 0.9975, 1.0080, 0.9916, 1.0019,
        0.9956, 1.0019, 1.0046, 1.0040, 1.0051, 0.9978, 1.0017, 0.9957, 0.9978,
        0.9973])
features.1.bias
tensor([-0.0027, -0.0028, -0.0029, -0.0028, -0.0078, -0.0046, -0.0046, -0.0044,
         0.0011, -0.0028, -0.0020, -0.0050, -0.0023, -0.0025, -0.0050, -0.0029,
        -0.0027, -0.0053, -0.0023, -0.0027, -0.0030, -0.0046, -0.0054, -0.0028,
        -0.0052, -0.0022, -0.0050, -0.0018, -0.0061, -0.0048, -0.0021, -0.0025,
         0.0018,  0.0027, -0.0043, -0.0021, -0.0046, -0.0048, -0.0050, -0.0024,
        -0.0024, -0.0055, -0.0050, -0.0054, -0.0046, -0.0024, -0.0054, -0.0045,
        -0.0048, -0.0022, -0.0046,  0.0045,  0.0021, -0.0022, -0.0047,  0.0040,
        -0.0052, -0.0050, -0.0026, -0.0023, -0.0063,  0.0020, -0.0026, -0.0052])
features.1.running_mean
tensor([-7.5810e-04,  1.7367e-03, -1.3772e-03,  9.9250e-04, -6.8054e-04,
         2.3918e-03,  1.4728e-03,  4.6391e-04,  2.3218e-03, -1.5608e-03,
        -1.2375e-03,  2.6599e-03,  2.0185e-03,  2.3811e-03,  2.0519e-03,
        -4.5826e-04, -1.8583e-03, -6.2657e-04, -1.6666e-03,  3.8567e-04,
        -2.2185e-03,  1.5901e-03, -3.9500e-04, -2.1341e-03, -1.5276e-04,
        -6.1255e-05,  8.5537e-04,  1.0923e-03,  1.7243e-03,  2.3316e-03,
        -2.5416e-03,  1.5181e-03,  1.4010e-03,  2.0722e-03,  2.2031e-03,
         2.1025e-03, -8.0310e-04, -1.3180e-03,  8.3657e-04,  2.3941e-04,
         1.6202e-03, -7.1645e-04, -3.3231e-04, -1.6734e-04,  2.0185e-03,
         2.2042e-03,  2.0903e-03, -1.7823e-03,  6.9968e-04, -1.8377e-03,
        -2.3863e-03, -2.3564e-03, -6.4697e-05,  2.1997e-03,  1.7102e-03,
        -1.8223e-04,  2.4521e-03, -4.3141e-04,  2.4478e-03, -1.2553e-03,
         2.4924e-03,  1.6629e-03, -1.2158e-03,  1.6036e-04])
>>> i = 0
>>> for key,value in mbatch.items():
...     if i == 15:
...             break
...     print(key)
...     print(value)
...     i+=1
...
features.0.weight
tensor([[[[-4.1350e-02, -8.0015e-02, -4.0990e-02],
          [ 1.1974e-02, -4.4515e-02, -9.2100e-02],
          [ 4.8486e-02, -2.8267e-02,  9.5105e-03]],

         [[ 1.7759e-02, -1.1183e-01,  5.4440e-02],
          [ 1.3455e-01, -1.2427e-01,  3.9078e-02],
          [ 7.6608e-03,  2.9240e-02, -4.6378e-02]],

         [[-6.4057e-02, -7.2399e-02,  4.2757e-02],
          [ 7.8443e-02, -3.3803e-02,  1.6410e-02],
          [ 8.4712e-02,  5.6771e-02, -4.4046e-03]]],


        [[[-9.0438e-02,  1.0268e-01,  3.9550e-03],
          [-5.8105e-02,  3.6558e-02, -1.0095e-01],
          [ 1.1575e-02, -1.3057e-03,  5.6025e-03]],

         [[ 4.7220e-02, -3.7189e-02,  3.4386e-02],
          [-3.9256e-02, -1.6664e-02,  3.0437e-02],
          [-3.7924e-02,  3.9365e-02, -1.5873e-02]],

         [[ 1.1059e-02, -4.8705e-02,  2.7200e-02],
          [-5.4789e-02, -1.3693e-03,  2.2759e-02],
          [ 6.4653e-03,  4.1497e-02,  3.0316e-02]]],


        [[[ 7.7537e-02, -2.8213e-02, -2.1470e-02],
          [-2.9849e-03,  5.3174e-02, -3.0544e-02],
          [-4.9101e-02,  3.0926e-02,  2.7918e-02]],

         [[-5.2561e-03, -3.4094e-02, -7.5316e-02],
          [ 6.5163e-02,  5.1681e-02,  7.2611e-02],
          [ 7.0882e-02,  1.4622e-01, -1.1830e-02]],

         [[ 5.0495e-02, -1.9295e-02,  1.2583e-02],
          [-2.1367e-02,  2.1597e-02, -1.2962e-02],
          [-1.9173e-02, -4.3022e-02,  7.0287e-02]]],


        ...,


        [[[ 4.7750e-02, -9.2635e-02, -1.4147e-01],
          [-5.5223e-02,  5.1245e-02, -2.7428e-02],
          [-6.9056e-02, -8.5541e-02,  1.9017e-02]],

         [[ 4.1012e-02, -1.9387e-02,  3.8616e-02],
          [-8.9022e-02,  5.5293e-02,  7.5266e-02],
          [ 1.9967e-02, -5.0027e-02, -7.8015e-02]],

         [[ 2.5426e-02, -3.3294e-02, -4.2793e-03],
          [ 2.1457e-02,  3.3445e-02, -6.7178e-02],
          [-2.5580e-02,  4.5082e-02, -3.2175e-02]]],


        [[[ 3.9291e-02,  2.0127e-02, -2.9271e-02],
          [-1.1388e-01, -9.1357e-02, -1.7825e-02],
          [ 3.9726e-02,  5.7709e-02,  5.1910e-02]],

         [[-4.2093e-02, -6.9743e-02,  1.7065e-02],
          [ 1.2211e-01,  3.0775e-03, -2.2416e-02],
          [ 7.3721e-02, -1.5384e-01,  1.1073e-02]],

         [[-2.2922e-02, -6.8296e-02, -2.0784e-02],
          [ 2.5960e-02,  6.1854e-02, -6.3646e-03],
          [-2.3791e-02, -1.0646e-04,  2.9999e-02]]],


        [[[-1.1275e-02,  4.1037e-02, -2.1509e-02],
          [-3.5779e-02, -1.1804e-02, -9.1158e-02],
          [ 6.4524e-02,  5.5347e-02, -1.0346e-01]],

         [[-4.7601e-02, -2.4037e-03, -6.1888e-02],
          [ 2.4548e-02, -2.3864e-02,  1.0441e-01],
          [-6.1110e-02, -1.2970e-02,  1.8606e-02]],

         [[ 8.2861e-03,  6.4719e-03, -4.2098e-02],
          [-8.9083e-02, -4.8893e-03,  5.4296e-02],
          [ 1.7175e-02,  3.2722e-02,  4.7795e-02]]]])
features.0.bias
tensor([-0.0019,  0.0036, -0.0040,  0.0026, -0.0021,  0.0070,  0.0036,  0.0025,
         0.0065, -0.0042, -0.0033,  0.0054,  0.0043,  0.0051,  0.0042, -0.0017,
        -0.0041,  0.0004, -0.0038, -0.0012, -0.0047,  0.0044, -0.0015, -0.0048,
         0.0002, -0.0015,  0.0017,  0.0011,  0.0033,  0.0047, -0.0064,  0.0036,
         0.0018,  0.0052,  0.0058,  0.0053,  0.0002, -0.0019,  0.0015,  0.0016,
         0.0047, -0.0025, -0.0017, -0.0017,  0.0051,  0.0047,  0.0057, -0.0051,
         0.0019, -0.0052, -0.0047, -0.0068,  0.0005,  0.0050,  0.0056, -0.0010,
         0.0049, -0.0023,  0.0026, -0.0012,  0.0050,  0.0049, -0.0034,  0.0003])
features.1.weight
tensor([0.9952, 1.0008, 1.0025, 1.0023, 1.0000, 0.9955, 0.9944, 0.9955, 0.9952,
        1.0049, 0.9980, 1.0024, 1.0062, 0.9972, 0.9973, 1.0026, 0.9955, 0.9952,
        0.9981, 1.0043, 1.0015, 0.9961, 0.9939, 1.0035, 1.0005, 1.0070, 0.9977,
        1.0023, 0.9949, 0.9956, 0.9960, 0.9976, 1.0026, 1.0055, 0.9953, 0.9975,
        0.9954, 0.9954, 0.9975, 0.9973, 0.9954, 0.9946, 1.0021, 1.0044, 0.9955,
        0.9995, 1.0005, 1.0075, 1.0054, 1.0066, 0.9975, 1.0080, 0.9916, 1.0019,
        0.9956, 1.0019, 1.0046, 1.0040, 1.0051, 0.9978, 1.0017, 0.9957, 0.9978,
        0.9973])
features.1.bias
tensor([-0.0027, -0.0028, -0.0029, -0.0028, -0.0078, -0.0046, -0.0046, -0.0044,
         0.0011, -0.0028, -0.0020, -0.0050, -0.0023, -0.0025, -0.0050, -0.0029,
        -0.0027, -0.0053, -0.0023, -0.0027, -0.0030, -0.0046, -0.0054, -0.0028,
        -0.0052, -0.0022, -0.0050, -0.0018, -0.0061, -0.0048, -0.0021, -0.0025,
         0.0018,  0.0027, -0.0043, -0.0021, -0.0046, -0.0048, -0.0050, -0.0024,
        -0.0024, -0.0055, -0.0050, -0.0054, -0.0046, -0.0024, -0.0054, -0.0045,
        -0.0048, -0.0022, -0.0046,  0.0045,  0.0021, -0.0022, -0.0047,  0.0040,
        -0.0052, -0.0050, -0.0026, -0.0023, -0.0063,  0.0020, -0.0026, -0.0052])
features.1.running_mean
tensor([-7.5810e-04,  1.7367e-03, -1.3772e-03,  9.9250e-04, -6.8054e-04,
         2.3918e-03,  1.4728e-03,  4.6391e-04,  2.3218e-03, -1.5608e-03,
        -1.2375e-03,  2.6599e-03,  2.0185e-03,  2.3811e-03,  2.0519e-03,
        -4.5826e-04, -1.8583e-03, -6.2657e-04, -1.6666e-03,  3.8567e-04,
        -2.2185e-03,  1.5901e-03, -3.9500e-04, -2.1341e-03, -1.5276e-04,
        -6.1255e-05,  8.5537e-04,  1.0923e-03,  1.7243e-03,  2.3316e-03,
        -2.5416e-03,  1.5181e-03,  1.4010e-03,  2.0722e-03,  2.2031e-03,
         2.1025e-03, -8.0310e-04, -1.3180e-03,  8.3657e-04,  2.3941e-04,
         1.6202e-03, -7.1645e-04, -3.3231e-04, -1.6734e-04,  2.0185e-03,
         2.2042e-03,  2.0903e-03, -1.7823e-03,  6.9968e-04, -1.8377e-03,
        -2.3863e-03, -2.3564e-03, -6.4697e-05,  2.1997e-03,  1.7102e-03,
        -1.8223e-04,  2.4521e-03, -4.3141e-04,  2.4478e-03, -1.2553e-03,
         2.4924e-03,  1.6629e-03, -1.2158e-03,  1.6036e-04])
features.1.running_var
tensor([0.3487, 0.3487, 0.3487, 0.3487, 0.3487, 0.3487, 0.3487, 0.3487, 0.3487,
        0.3487, 0.3487, 0.3487, 0.3487, 0.3487, 0.3487, 0.3487, 0.3487, 0.3487,
        0.3487, 0.3487, 0.3487, 0.3487, 0.3487, 0.3487, 0.3487, 0.3487, 0.3487,
        0.3487, 0.3487, 0.3487, 0.3487, 0.3487, 0.3487, 0.3487, 0.3487, 0.3487,
        0.3487, 0.3487, 0.3487, 0.3487, 0.3487, 0.3487, 0.3487, 0.3487, 0.3487,
        0.3487, 0.3487, 0.3487, 0.3487, 0.3487, 0.3487, 0.3487, 0.3487, 0.3487,
        0.3487, 0.3487, 0.3487, 0.3487, 0.3487, 0.3487, 0.3487, 0.3487, 0.3487,
        0.3487])
features.1.num_batches_tracked
tensor(10)
features.4.weight
tensor([[[[ 9.4524e-02,  5.4212e-03,  4.2817e-03],
          [ 1.6938e-02, -4.2861e-02, -3.9347e-02],
          [-9.0080e-03, -3.4127e-02, -1.3765e-02]],

         [[-2.1011e-02,  3.4409e-02,  4.0862e-03],
          [ 4.1379e-04,  1.3828e-02, -3.6052e-02],
          [-7.0423e-03,  2.5008e-02, -9.9028e-02]],

         [[-2.2929e-02, -1.3897e-02, -3.8925e-02],
          [ 3.0956e-02, -8.7447e-02, -3.2342e-02],
          [-5.3599e-02, -2.4343e-02, -3.3859e-02]],

         ...,

         [[-3.0990e-02, -2.1692e-03, -4.8262e-03],
          [ 5.8087e-02,  8.0852e-02,  9.0577e-03],
          [ 9.1304e-02,  1.9928e-02, -1.3118e-02]],

         [[ 3.0409e-03, -2.7473e-02,  7.2656e-02],
          [ 4.3748e-02, -6.1354e-03,  1.4522e-02],
          [-4.9865e-03,  3.7487e-02,  5.0274e-02]],

         [[-1.6303e-02,  1.8278e-02, -6.2890e-02],
          [-7.5668e-02,  2.3060e-02, -4.4491e-02],
          [-4.8537e-03, -3.0288e-02,  5.8079e-02]]],


        [[[-7.5060e-03,  5.4207e-02,  3.0458e-02],
          [ 2.3502e-02,  7.6809e-03, -2.2390e-03],
          [-2.9691e-02,  5.9322e-02, -2.3001e-02]],

         [[ 2.2274e-02,  2.1870e-02,  5.8969e-02],
          [ 4.8304e-02, -4.9007e-03,  4.5049e-02],
          [ 9.0265e-03, -2.3315e-02, -1.6966e-02]],

         [[-5.0451e-02,  5.1508e-03,  5.0173e-02],
          [-4.9265e-02,  9.9644e-03, -1.2195e-01],
          [-5.4316e-02, -1.2812e-01, -1.5555e-02]],

         ...,

         [[ 6.0158e-02,  1.4341e-02, -7.3469e-02],
          [ 4.2201e-02, -8.5340e-02,  5.3063e-02],
          [-2.2534e-02,  5.7410e-02,  2.1995e-02]],

         [[ 3.6575e-03,  2.4956e-02,  9.4690e-03],
          [-5.2993e-02,  4.0590e-02, -4.2523e-02],
          [-2.9754e-02, -1.7796e-02, -2.9653e-02]],

         [[ 1.2997e-02,  2.2768e-02,  5.4541e-02],
          [ 6.5050e-02,  4.6860e-02,  5.8583e-02],
          [ 3.5059e-03,  2.6140e-03, -3.4945e-02]]],


        [[[-1.2355e-02, -5.6700e-02,  1.9341e-02],
          [-4.5018e-02, -6.0045e-02,  3.6639e-02],
          [-3.7486e-02, -6.3317e-02,  3.1898e-02]],

         [[ 7.1733e-02, -5.7275e-03,  1.7770e-02],
          [ 2.4800e-02,  3.1995e-02,  3.7021e-02],
          [-1.1122e-02,  1.0200e-02,  4.7583e-03]],

         [[ 9.6002e-03,  2.2170e-02,  2.0926e-02],
          [-6.3481e-03, -8.1659e-03,  1.1429e-01],
          [-2.5690e-02, -1.7884e-02, -3.9553e-02]],

         ...,

         [[-5.3844e-02,  5.1323e-03, -3.1936e-02],
          [-3.0032e-03, -4.2562e-02,  4.0118e-02],
          [-1.9848e-02,  3.7671e-02, -9.0733e-03]],

         [[-2.3730e-02, -5.2208e-02, -3.5355e-02],
          [ 8.2570e-02,  5.3547e-02,  7.0037e-02],
          [ 4.1400e-02,  6.9067e-02,  2.8936e-02]],

         [[ 1.5737e-02, -3.7865e-03,  5.8621e-02],
          [ 1.7633e-02, -1.2350e-02, -9.8661e-03],
          [ 1.2336e-03,  2.8367e-02, -9.8391e-02]]],


        ...,


        [[[ 1.3799e-02,  2.1059e-03, -6.6870e-02],
          [ 7.2513e-02, -8.3545e-03, -6.2383e-03],
          [ 2.2074e-02, -5.6721e-02,  4.7968e-02]],

         [[ 9.6632e-03,  1.5174e-02, -6.3207e-03],
          [ 1.1559e-02,  7.8769e-03,  2.5554e-03],
          [ 3.8857e-02,  1.3984e-02, -2.5408e-02]],

         [[-1.4289e-02, -8.3229e-02, -3.1975e-02],
          [ 1.2439e-01, -2.7732e-02,  1.0666e-02],
          [-4.3043e-02,  9.7480e-02, -1.3296e-02]],

         ...,

         [[-7.6672e-03,  5.3994e-02,  3.6255e-02],
          [-6.1476e-02, -2.3959e-02,  2.0751e-02],
          [-4.9646e-02,  2.2139e-02,  5.6782e-02]],

         [[-7.2486e-02, -2.6430e-02,  5.7959e-02],
          [ 7.5422e-03, -5.8016e-02,  1.1477e-02],
          [ 2.6271e-02, -6.9170e-02, -2.0449e-02]],

         [[ 3.1104e-03, -3.4038e-02, -3.0636e-02],
          [ 1.9432e-02,  4.0978e-02, -1.1422e-02],
          [ 2.7215e-02, -8.1507e-02,  8.2606e-02]]],


        [[[ 9.6693e-05, -8.9014e-02, -5.8508e-02],
          [ 5.2538e-03,  3.3267e-02,  2.2172e-02],
          [-2.3434e-03,  4.6120e-02,  2.7637e-02]],

         [[-2.4250e-02, -3.1401e-02,  3.2829e-02],
          [-3.9820e-02, -7.8993e-02, -1.9767e-03],
          [-3.9591e-02, -6.5814e-03,  4.9231e-02]],

         [[ 7.6431e-02,  2.8994e-02,  2.4977e-02],
          [ 4.9869e-03,  2.7815e-02,  2.3626e-02],
          [ 1.0991e-01,  6.1715e-02,  1.5640e-02]],

         ...,

         [[ 7.1759e-03,  8.9466e-02, -3.4385e-02],
          [ 3.5462e-02, -4.4922e-02,  4.0642e-02],
          [ 1.0099e-02,  5.7484e-02,  1.9333e-02]],

         [[ 5.5532e-02,  2.1792e-02, -4.4171e-02],
          [ 1.2423e-02,  6.1836e-04, -2.6673e-02],
          [-6.1459e-02, -7.8286e-02, -2.4582e-03]],

         [[ 3.5604e-02, -4.4318e-02,  3.0384e-02],
          [-1.4806e-02,  4.1966e-02,  4.1041e-02],
          [-6.7672e-02,  2.9027e-02,  4.7152e-02]]],


        [[[-5.8965e-02,  2.5136e-02,  7.7358e-02],
          [-7.5732e-02,  3.1715e-02, -2.7236e-02],
          [ 9.9595e-02,  1.5984e-02, -3.8681e-02]],

         [[ 9.4740e-02,  3.6441e-02, -1.7155e-02],
          [-2.5224e-02, -9.5977e-04, -5.1301e-02],
          [ 1.8118e-02,  1.5980e-02,  1.1857e-02]],

         [[-2.0143e-02,  1.3273e-03,  4.8509e-02],
          [-5.7514e-02, -2.4773e-02,  4.3861e-03],
          [-4.5639e-02,  8.2321e-03,  3.3312e-02]],

         ...,

         [[ 1.8609e-02, -1.6941e-02,  4.5461e-02],
          [ 1.0983e-02,  4.3182e-02, -8.2796e-03],
          [-6.1580e-02, -6.1739e-02,  4.8560e-02]],

         [[ 4.7879e-02,  2.7372e-03,  3.4101e-02],
          [-9.9393e-03, -2.6917e-02, -1.4820e-02],
          [ 2.3908e-02,  8.0008e-03, -2.5201e-02]],

         [[-9.8791e-03,  9.3884e-02,  3.6830e-02],
          [-2.5430e-02, -1.3952e-02, -5.3230e-03],
          [ 8.9740e-02,  2.1323e-02, -4.8389e-02]]]])
features.4.bias
tensor([-2.1875e-03, -2.2117e-03, -3.2929e-03, -3.3973e-03,  5.4821e-03,
        -1.0040e-03,  2.6281e-04,  2.5866e-03, -3.0126e-03,  6.0001e-03,
        -4.1829e-03,  2.7969e-03, -1.6871e-03,  3.8389e-04,  4.6682e-03,
         2.2289e-05,  1.8497e-03,  3.8407e-03, -7.3270e-04, -2.7192e-03,
        -3.1325e-03, -4.5627e-03, -4.1284e-03, -4.1002e-03,  1.3729e-03,
        -2.1331e-03, -4.8270e-03, -3.6513e-03,  7.6121e-04, -1.4683e-03,
        -1.7600e-03,  4.7822e-03,  3.3618e-03, -2.6059e-03, -4.7286e-03,
        -4.3325e-03,  7.4821e-04, -3.8834e-03,  4.0855e-03,  6.3340e-04,
        -1.1989e-03, -5.3354e-03, -2.6102e-04,  3.5602e-03,  1.6095e-03,
         3.7304e-03, -4.8847e-03, -2.1811e-03, -3.6871e-03, -1.2888e-03,
        -6.3721e-04, -1.9894e-03, -3.4864e-03, -9.8547e-04, -4.3633e-03,
         5.0898e-03, -7.0548e-04, -4.1982e-03, -1.5998e-04, -4.3235e-03,
        -4.3699e-03,  1.3780e-03, -1.1730e-03, -3.4999e-03,  8.4019e-04,
         3.5576e-03,  4.7546e-03, -4.2911e-03, -1.8014e-03,  4.6208e-03,
        -2.1009e-03, -4.3217e-03,  1.7403e-03, -2.2679e-03,  2.7849e-03,
         1.9938e-03,  1.8197e-03, -2.7142e-03, -3.4841e-03, -2.4439e-04,
        -4.5161e-03,  3.9139e-03, -5.6436e-03,  5.6471e-03, -3.4409e-03,
        -3.2121e-03, -4.1156e-03, -2.7995e-03, -3.7196e-03,  6.8670e-06,
         5.2570e-03, -4.4672e-03, -4.0506e-03, -3.6048e-03,  5.9619e-03,
         4.3560e-03,  5.3367e-03, -1.9579e-03,  4.7837e-03, -3.9963e-03,
         2.2383e-03,  4.2985e-03, -3.5885e-03, -6.0403e-04,  4.7881e-04,
         3.0220e-03,  5.2602e-03, -4.6508e-03, -1.2063e-03, -3.5832e-03,
        -5.2031e-03,  3.3074e-03, -2.4279e-03,  1.6303e-03, -4.8733e-03,
        -4.4633e-03, -4.3952e-03,  1.1271e-03, -1.4336e-03, -4.6343e-03,
         4.0431e-03,  6.9708e-04,  4.9521e-03, -4.5387e-04,  2.1331e-03,
         2.8977e-03,  3.9967e-04,  1.5750e-03])
features.5.weight
tensor([0.9947, 0.9949, 1.0028, 1.0016, 1.0027, 0.9952, 0.9954, 1.0019, 1.0051,
        1.0025, 0.9958, 1.0057, 1.0009, 0.9953, 0.9978, 1.0026, 1.0041, 1.0047,
        1.0025, 0.9950, 0.9976, 1.0029, 0.9975, 0.9976, 0.9988, 1.0033, 1.0024,
        1.0069, 0.9971, 1.0038, 1.0051, 0.9954, 1.0008, 1.0050, 0.9944, 0.9974,
        0.9954, 0.9960, 0.9947, 0.9975, 0.9983, 0.9976, 0.9950, 1.0048, 0.9962,
        0.9976, 0.9954, 0.9974, 0.9960, 0.9947, 1.0017, 1.0051, 0.9919, 0.9948,
        0.9957, 0.9946, 1.0047, 1.0019, 1.0026, 1.0048, 1.0022, 1.0005, 1.0017,
        0.9954, 1.0035, 0.9953, 0.9974, 1.0021, 0.9976, 1.0026, 1.0024, 0.9947,
        0.9974, 1.0041, 0.9954, 0.9974, 1.0034, 0.9976, 0.9948, 1.0049, 1.0026,
        0.9954, 1.0026, 1.0026, 1.0043, 1.0023, 0.9974, 0.9974, 1.0050, 0.9949,
        1.0050, 0.9975, 0.9991, 1.0049, 0.9978, 1.0053, 0.9957, 1.0011, 0.9974,
        0.9953, 0.9949, 1.0054, 0.9973, 1.0023, 0.9979, 0.9980, 0.9952, 0.9976,
        0.9951, 0.9949, 0.9953, 1.0060, 0.9952, 0.9973, 1.0032, 1.0044, 1.0024,
        0.9944, 0.9949, 1.0046, 0.9951, 1.0010, 0.9952, 0.9973, 1.0044, 1.0056,
        0.9963, 0.9943])
features.5.bias
tensor([-0.0047, -0.0051,  0.0055, -0.0058, -0.0024, -0.0046, -0.0022, -0.0026,
        -0.0025, -0.0048, -0.0061, -0.0023, -0.0030, -0.0044,  0.0054, -0.0051,
         0.0036, -0.0046,  0.0018, -0.0049, -0.0025, -0.0044, -0.0047, -0.0023,
         0.0012, -0.0046, -0.0049, -0.0046,  0.0001, -0.0047, -0.0025, -0.0026,
        -0.0048, -0.0027, -0.0048, -0.0025, -0.0046, -0.0045, -0.0047, -0.0025,
        -0.0023, -0.0048, -0.0054,  0.0022, -0.0049, -0.0026, -0.0047, -0.0045,
        -0.0043, -0.0028, -0.0067,  0.0050, -0.0027, -0.0026, -0.0040, -0.0049,
        -0.0026, -0.0047, -0.0025, -0.0048, -0.0018, -0.0048, -0.0066, -0.0047,
        -0.0046, -0.0046, -0.0024, -0.0026, -0.0021, -0.0047, -0.0057, -0.0048,
        -0.0025, -0.0026, -0.0048, -0.0021, -0.0058, -0.0024, -0.0026, -0.0024,
        -0.0027, -0.0046,  0.0004, -0.0058, -0.0022, -0.0053, -0.0046, -0.0025,
         0.0021, -0.0008, -0.0048, -0.0024, -0.0048, -0.0022,  0.0051, -0.0045,
        -0.0043,  0.0023, -0.0047, -0.0047, -0.0048, -0.0022, -0.0027, -0.0027,
        -0.0021, -0.0023, -0.0046, -0.0022, -0.0047, -0.0025, -0.0050, -0.0026,
        -0.0046, -0.0047, -0.0048, -0.0051, -0.0057, -0.0027, -0.0061, -0.0024,
        -0.0053, -0.0025, -0.0047, -0.0027, -0.0051, -0.0023, -0.0045, -0.0052])
features.5.running_mean
tensor([ 0.0569,  0.0112,  0.0701,  0.0023,  0.1020,  0.0354, -0.0064,  0.0256,
         0.0320,  0.0420,  0.0298,  0.1003, -0.0077, -0.0217, -0.0142,  0.0403,
         0.0467,  0.0009,  0.0528, -0.0092, -0.0251,  0.0482,  0.0313, -0.0152,
        -0.0014,  0.0719,  0.0598,  0.0396,  0.0076,  0.0275,  0.0634, -0.0326,
        -0.0029,  0.0334,  0.0186,  0.0229, -0.0004,  0.0382,  0.0062, -0.0168,
         0.0038,  0.0526, -0.0133,  0.0425,  0.0283, -0.0214, -0.0148, -0.0318,
         0.0223,  0.0163,  0.0367,  0.0291, -0.0050,  0.0424, -0.0195,  0.0598,
         0.0742,  0.0099,  0.0120,  0.0917,  0.0482,  0.0402,  0.0398, -0.0271,
         0.1061, -0.0293,  0.0035,  0.0588, -0.0549,  0.0528,  0.0881,  0.0069,
         0.0062, -0.0050,  0.0627, -0.0515,  0.0161, -0.0241, -0.0031,  0.0283,
         0.0437, -0.0076,  0.0595,  0.0311,  0.0300,  0.0505, -0.0294, -0.0233,
         0.0534, -0.0379,  0.0744, -0.0512,  0.0194,  0.0302, -0.0664,  0.0400,
        -0.0198, -0.0530, -0.0510, -0.0097,  0.0048,  0.0344,  0.0140,  0.0327,
         0.0615,  0.0046, -0.0121,  0.0418, -0.0168,  0.0298, -0.0107,  0.0692,
        -0.0064,  0.0462,  0.0217,  0.0339,  0.0416,  0.0052,  0.0142,  0.0521,
        -0.0265,  0.0363,  0.0248, -0.0277,  0.0302, -0.0004,  0.0403, -0.0147])
features.5.running_var
tensor([0.3505, 0.3501, 0.3513, 0.3509, 0.3541, 0.3522, 0.3504, 0.3504, 0.3528,
        0.3501, 0.3513, 0.3535, 0.3512, 0.3515, 0.3511, 0.3530, 0.3514, 0.3522,
        0.3509, 0.3509, 0.3510, 0.3512, 0.3505, 0.3505, 0.3523, 0.3528, 0.3508,
        0.3516, 0.3509, 0.3525, 0.3538, 0.3542, 0.3505, 0.3509, 0.3507, 0.3497,
        0.3513, 0.3516, 0.3519, 0.3498, 0.3505, 0.3510, 0.3516, 0.3528, 0.3511,
        0.3504, 0.3505, 0.3506, 0.3512, 0.3495, 0.3502, 0.3521, 0.3522, 0.3507,
        0.3521, 0.3514, 0.3515, 0.3512, 0.3504, 0.3518, 0.3506, 0.3520, 0.3510,
        0.3523, 0.3520, 0.3515, 0.3511, 0.3512, 0.3515, 0.3525, 0.3562, 0.3503,
        0.3501, 0.3502, 0.3510, 0.3499, 0.3505, 0.3504, 0.3528, 0.3544, 0.3506,
        0.3531, 0.3521, 0.3505, 0.3500, 0.3514, 0.3501, 0.3506, 0.3608, 0.3502,
        0.3573, 0.3518, 0.3504, 0.3516, 0.3510, 0.3557, 0.3528, 0.3510, 0.3522,
        0.3502, 0.3498, 0.3500, 0.3511, 0.3543, 0.3509, 0.3506, 0.3506, 0.3507,
        0.3506, 0.3511, 0.3522, 0.3534, 0.3503, 0.3517, 0.3519, 0.3515, 0.3526,
        0.3500, 0.3502, 0.3502, 0.3505, 0.3544, 0.3518, 0.3512, 0.3523, 0.3505,
        0.3506, 0.3525])
features.5.num_batches_tracked
tensor(10)
features.8.weight
tensor([[[[-5.0179e-02,  1.8411e-03,  2.1879e-02],
          [-1.5086e-02, -2.4115e-02, -3.7114e-03],
          [-1.6417e-02, -1.7763e-02,  3.1346e-02]],

         [[ 1.6467e-02, -1.0486e-02, -2.4450e-02],
          [-3.9274e-02, -7.9786e-04,  6.6203e-03],
          [ 3.6844e-02, -1.3895e-02,  1.2600e-02]],

         [[-2.5760e-02, -3.1317e-03,  3.1932e-02],
          [ 7.3076e-02,  3.5891e-03,  1.2987e-02],
          [-7.0736e-03,  2.5259e-02,  1.5223e-02]],

         ...,

         [[-2.8263e-02,  3.6411e-02,  2.3813e-02],
          [ 3.2346e-03,  4.1911e-02, -5.8983e-02],
          [ 1.9191e-02, -2.2166e-02,  4.0606e-02]],

         [[ 5.7660e-03, -4.4482e-02,  2.8736e-02],
          [ 2.3016e-02,  1.9064e-02,  1.1169e-02],
          [ 5.6161e-04, -3.1355e-02,  4.5956e-03]],

         [[-3.4747e-03,  5.2444e-02, -5.6256e-02],
          [-2.9594e-02,  1.4260e-02, -5.5679e-04],
          [ 2.9377e-02, -4.2829e-02,  1.4209e-02]]],


        [[[-1.6510e-03, -2.7747e-02, -4.7205e-02],
          [-2.1461e-03, -1.3130e-02,  6.7764e-03],
          [-5.8180e-03, -1.6039e-02, -3.2101e-02]],

         [[ 2.9684e-02,  8.1758e-03,  1.2311e-02],
          [ 7.3034e-03, -1.4562e-02, -7.0974e-02],
          [ 1.9696e-02,  3.0900e-02,  1.3352e-02]],

         [[-2.4366e-02,  6.2247e-02,  2.6997e-02],
          [ 1.8479e-02, -4.4584e-03, -4.9930e-02],
          [ 2.5625e-02,  2.4126e-04,  3.7727e-02]],

         ...,

         [[-2.4099e-02, -1.6033e-02, -2.0559e-03],
          [ 2.5906e-03, -2.9966e-02, -7.7774e-05],
          [-8.8442e-03, -3.6211e-02,  1.1494e-03]],

         [[-1.7364e-03,  1.5457e-02,  5.3006e-02],
          [-4.4437e-02,  1.0376e-02,  1.2078e-02],
          [-6.5037e-03,  3.2237e-02, -3.0387e-02]],

         [[ 1.8816e-02, -7.2373e-03,  1.0005e-02],
          [ 6.1678e-03, -1.4945e-03,  3.2262e-02],
          [ 6.8292e-02,  1.7334e-02,  1.8827e-02]]],


        [[[ 1.3601e-02, -5.0058e-02,  3.5223e-02],
          [ 1.3565e-02,  5.3836e-02, -3.9880e-02],
          [-3.6897e-02, -4.1803e-02, -2.2792e-02]],

         [[-2.4945e-05, -2.4617e-02, -1.1386e-03],
          [-1.6961e-02,  3.3654e-02,  2.8999e-02],
          [-6.7251e-03,  5.4631e-03, -1.5364e-02]],

         [[ 1.1341e-02,  2.2578e-02,  3.6389e-02],
          [-4.8903e-02, -4.6552e-02, -3.9100e-02],
          [-1.9484e-02,  2.8093e-02,  4.1184e-02]],

         ...,

         [[ 3.1828e-02, -5.2272e-02, -3.7012e-02],
          [-3.8394e-02, -1.9515e-02,  2.9646e-03],
          [-1.4912e-02, -1.0760e-02,  2.5581e-02]],

         [[-1.4362e-03, -1.6645e-02, -4.8947e-02],
          [-4.5637e-02,  3.5828e-02, -2.5979e-02],
          [ 2.8153e-02, -4.2066e-03, -1.0073e-02]],

         [[-3.5222e-02,  2.9009e-02, -5.0369e-03],
          [ 9.7001e-03,  7.7756e-03,  3.5227e-02],
          [ 3.0186e-02,  2.4251e-02, -2.9492e-02]]],


        ...,


        [[[ 7.8716e-03, -4.3952e-02, -2.0394e-02],
          [ 4.7869e-02,  1.0342e-02,  1.3532e-02],
          [-1.0169e-02,  8.0630e-03, -4.7416e-03]],

         [[-2.3792e-02,  1.3098e-02,  4.7088e-02],
          [-2.3933e-02,  1.0347e-02, -1.5180e-02],
          [-1.6468e-02,  6.0843e-02, -7.4189e-03]],

         [[-6.0586e-03, -2.1514e-02, -4.3860e-03],
          [ 1.8404e-02, -1.1587e-03,  4.1768e-02],
          [ 5.9375e-02,  5.9567e-02,  4.1305e-02]],

         ...,

         [[-8.2032e-03,  1.1482e-03,  3.7252e-02],
          [-3.3184e-02,  2.9398e-02,  7.5014e-02],
          [ 5.6913e-02,  5.6183e-02, -1.4990e-02]],

         [[ 3.6417e-02,  3.1672e-02, -8.8204e-03],
          [-2.3832e-04,  1.0768e-02, -3.6250e-02],
          [ 4.2589e-02,  2.4214e-02,  1.1147e-02]],

         [[-9.3983e-03,  4.2362e-02, -3.2157e-02],
          [ 1.0306e-02, -2.5177e-02, -4.6474e-03],
          [-5.2313e-02,  7.2398e-03,  1.4501e-02]]],


        [[[ 2.5140e-02,  5.1605e-02, -2.0490e-02],
          [-4.2305e-02,  1.0154e-02,  4.1314e-02],
          [-3.9035e-02, -1.5559e-02,  6.6436e-03]],

         [[-8.1935e-03, -5.8680e-02, -9.9638e-03],
          [-1.9510e-02, -1.5538e-02,  4.1467e-03],
          [ 5.9942e-02,  1.2438e-02, -1.4969e-03]],

         [[-3.7382e-02,  1.9112e-02, -8.0736e-03],
          [ 7.6959e-04,  1.5679e-02, -6.8263e-03],
          [-7.5458e-03, -1.5785e-02,  2.6241e-02]],

         ...,

         [[-1.5636e-02, -6.0577e-02,  9.0886e-03],
          [ 3.6396e-02, -2.5876e-02, -8.6206e-03],
          [ 2.3173e-02,  3.2266e-02, -2.8674e-02]],

         [[ 6.6655e-02,  7.5997e-03,  1.1994e-02],
          [-3.8642e-03, -1.2129e-03,  4.7306e-02],
          [-4.4203e-02,  1.5291e-02, -1.1802e-02]],

         [[-6.6874e-02, -7.3187e-03, -1.5702e-02],
          [ 2.6737e-02, -1.4508e-02,  1.2298e-02],
          [-1.6091e-02,  9.1703e-03,  3.5156e-02]]],


        [[[ 3.7942e-03,  1.0282e-03, -3.9311e-02],
          [ 4.3488e-03,  1.4198e-02,  9.8950e-03],
          [-1.2694e-02, -2.3520e-02,  3.5627e-03]],

         [[ 4.2384e-02,  1.0307e-03,  2.0091e-03],
          [-6.4180e-02,  6.7193e-03,  2.2433e-02],
          [ 3.0126e-02,  4.3445e-02,  2.6755e-02]],

         [[ 2.9541e-02,  1.6693e-02, -3.8335e-02],
          [ 1.2866e-02, -3.8292e-02, -4.7296e-02],
          [ 8.2174e-03, -1.7647e-03, -1.8658e-02]],

         ...,

         [[ 3.5655e-02,  3.5234e-02, -1.5968e-02],
          [ 1.7390e-02, -7.6025e-03,  3.1337e-02],
          [ 4.5335e-02,  2.7087e-02, -4.6818e-02]],

         [[ 4.7116e-02,  3.8393e-02, -2.5273e-02],
          [-2.3782e-02, -9.9657e-03, -3.5599e-03],
          [ 1.6693e-02,  6.3744e-02,  2.6183e-02]],

         [[-6.6562e-03,  3.9445e-03,  3.3230e-02],
          [ 1.0719e-02,  3.0574e-02,  2.1354e-02],
          [ 5.1843e-03,  1.5531e-02,  2.8383e-02]]]])
>>> 50000 / 200
